6.jpg 77,137,118,181,0 121,169,157,211,0 244,157,279,196,0 299,139,343,182,0 372,164,410,205,0 429,132,470,176,0 469,161,510,203,0 536,144,574,191,0 603,148,643,188,0 657,140,694,185,0
8.jpg 149,131,211,197,0 312,177,361,243,0 435,218,477,271,0 564,228,618,283,0 703,266,741,319,0 753,281,788,326,0
5.jpg 199,108,280,193,0 312,196,396,291,0 31,194,104,273,0 44,4,123,62,0 338,3,401,71,0
11.jpg 185,81,271,183,0 367,99,451,228,0 539,96,617,195,0 621,111,709,212,0
9.jpg 25,30,102,103,0 2,137,60,204,0 139,148,203,220,0 113,57,168,131,0 160,44,210,108,0 219,19,279,89,0 291,63,345,131,0 342,25,401,97,0 422,29,488,115,0 374,99,441,165,0 392,170,461,239,0 293,161,369,252,0 226,129,301,219,0
10.jpg 85,81,169,189,0 299,82,371,145,0 421,98,519,162,0
1.jpg 173,334,222,395,0 232,373,285,427,0 358,315,403,369,0 508,334,554,392,0 697,355,741,404,0 753,330,803,377,0 901,355,945,406,0
2.jpg 50,83,107,152,0 161,94,202,143,0 277,117,322,174,0 314,69,352,117,0 436,124,475,167,0 413,95,449,140,0 376,103,415,158,0
7.jpg 122,30,168,80,0 396,121,431,158,0
4.jpg 177,18,229,80,0 266,26,313,78,0
3.jpg 56,65,114,126,0 131,80,183,137,0 212,32,274,100,0 355,42,410,95,0
22.jpg 193,275,251,336,0 373,256,435,324,0 549,247,603,308,0 624,237,671,306,0 693,241,749,298,0 768,118,817,176,0 607,145,653,199,0
17.jpg 268,81,330,157,0 87,53,119,90,0 170,51,197,82,0 14,66,36,99,0 114,53,138,86,0
12.jpg 370,48,478,171,0 133,52,230,169,0
21.jpg 99,98,143,153,0 254,47,289,100,0 324,109,374,160,0 381,112,427,172,0
19.jpg 57,88,162,250,0 199,100,311,247,0 321,105,430,242,0 474,117,605,259,0
20.jpg 88,30,131,81,0 380,21,412,61,0
15.jpg 364,17,445,106,0 166,22,253,133,0
16.jpg 80,38,128,101,0 58,163,109,239,0 123,143,172,222,0 213,151,261,214,0 306,133,351,198,0
14.jpg 76,40,126,96,0 159,25,197,74,0 256,59,300,107,0 355,53,392,105,0 439,58,485,114,0 528,40,567,96,0 557,150,600,204,0 448,149,496,203,0 323,157,369,208,0 228,175,272,223,0 59,177,97,229,0
13.jpg 80,116,120,168,0 200,41,279,144,0
18.jpg 123,141,224,248,0 421,92,523,218,0 539,98,627,208,0 687,59,771,167,0 800,16,908,159,0
